image_width: 320
image_height: 240
camera_name: left_camera
camera_matrix:
  rows: 3
  cols: 3
  data: [384.5997127063255, 0, 208.3701467982594, 0, 386.3306409879553, 157.3403130235675, 0, 0, 1]
distortion_model: plumb_bob
distortion_coefficients:
  rows: 1
  cols: 5
  data: [-0.3492758002562465, 0.4394615215282131, -0.01034694290940356, 0.0005838554340923708, 0]
rectification_matrix:
  rows: 3
  cols: 3
  data: [0.9997062080405078, 0.006064003265525351, 0.02346754076729193, -0.006337710173539365, 0.9999125578776659, 0.01160646493553377, -0.023395107074451, -0.01175178552132639, 0.9996572235031544]
projection_matrix:
  rows: 3
  cols: 4
  data: [485.7064131389266, 0, 162.9824819564819, 0, 0, 485.7064131389266, 142.542516708374, 0, 0, 0, 1, 0]