image_width: 320
image_height: 240
camera_name: right_camera
camera_matrix:
  rows: 3
  cols: 3
  data: [383.852384513041, 0, 198.599734748921, 0, 387.856287781064, 110.75346103649, 0, 0, 1]
distortion_model: plumb_bob
distortion_coefficients:
  rows: 1
  cols: 5
  data: [-0.255533338769995, 0.219754940081646, -1.92528425592178e-06, 0.00110955085692279, -0.158898763351703]
rectification_matrix:
  rows: 3
  cols: 3
  data: [0.999934296179505, -0.00790596485885624, -0.00830054478023089, 0.00795786185592846, 0.999948878965992, 0.00623793951055264, 0.0082508035172368, -0.00630358424278481, 0.999946093080529]
projection_matrix:
  rows: 3
  cols: 4
  data: [361.364607187527, 0, 196.063261032104, 0, 0, 361.364607187527, 111.970262527466, 0, 0, 0, 1, 0]
