image_width: 320
image_height: 240
camera_name: left_camera
camera_matrix:
  rows: 3
  cols: 3
  data: [390.584484482789, 0, 140.857181944173, 0, 394.077142679119, 113.578742592785, 0, 0, 1]
distortion_model: plumb_bob
distortion_coefficients:
  rows: 1
  cols: 5
  data: [-0.25888825450999, -0.00553081219996136, -0.00375258647968493, 0.00170246451274375, 0.243559862050714]
rectification_matrix:
  rows: 3
  cols: 3
  data: [0.999928050008882, 0.00523249265411071, 0.0107942496756362, -0.00523214430671009, 0.999986310408492, -6.05108710323524e-05, -0.0107944185294557, 4.02944529012472e-06, 0.999941738558989]
projection_matrix:
  rows: 3
  cols: 4
  data: [367.799216205135, 0, 156.549209594727, 0, 0, 367.799216205135, 107.450115203857, 0, 0, 0, 1, 0]