image_width: 320
image_height: 240
camera_name: right_camera
camera_matrix:
  rows: 3
  cols: 3
  data: [398.537781495946, 0, 181.87462538342, 0, 401.520826689839, 101.053334761179, 0, 0, 1]
distortion_model: plumb_bob
distortion_coefficients:
  rows: 1
  cols: 5
  data: [-0.209521219096097, -0.718959131181065, 0.0021505067206081, -0.00215103770169638, 3.03737026446134]
rectification_matrix:
  rows: 3
  cols: 3
  data: [0.999973493982351, 0.00669422174286357, 0.00286334210073391, -0.00669431414215471, 0.999977592570692, 2.2686769701969e-05, -0.00286312607033118, -4.18542798848279e-05, 0.999995900370259]
projection_matrix:
  rows: 3
  cols: 4
  data: [367.799216205135, 0, 156.549209594727, -25.8546802378395, 0, 367.799216205135, 107.450115203857, 0, 0, 0, 1, 0]