image_width: 320
image_height: 240
camera_name: right_camera
camera_matrix:
  rows: 3
  cols: 3
  data: [388.8474003124633, 0, 130.1239982334768, 0, 391.3094264560734, 133.5856618643277, 0, 0, 1]
distortion_model: plumb_bob
distortion_coefficients:
  rows: 1
  cols: 5
  data: [-0.4152728830910619, 0.6262012471302963, -0.01079206143623695, -0.003430023579884399, 0]
rectification_matrix:
  rows: 3
  cols: 3
  data: [0.9999083697134495, 0.01225654252819589, 0.005747115993770159, -0.01218857867458413, 0.9998570852060528, -0.01171527691305359, -0.005889883435586562, 0.01164415426343101, 0.9999148578477093]
projection_matrix:
  rows: 3
  cols: 4
  data: [485.7064131389266, 0, 162.9824819564819, -31.74927882577442, 0, 485.7064131389266, 142.542516708374, 0, 0, 0, 1, 0]