image_width: 320
image_height: 240
camera_name: left_camera
camera_matrix:
  rows: 3
  cols: 3
  data: [428.064628152268, 0, 192.651116203936, 0, 429.15563533822, 140.402762380543, 0, 0, 1]
distortion_model: plumb_bob
distortion_coefficients:
  rows: 1
  cols: 5
  data: [-0.265221898732102, 0.375017706230762, 0.00109618885548753, 0.00812499915231741, -1.10464159141878]
rectification_matrix:
  rows: 3
  cols: 3
  data: [0.958151459071121, 0.0268806505295806, 0.284996863328333, -0.0227046974788551, 0.999581112410012, -0.0179470450369026, -0.285359909924774, 0.0107252198238309, 0.958360418353896]
projection_matrix:
  rows: 3
  cols: 4
  data: [388.185664409133, 0, 20.70742251724, 0, 0, 388.185664409133, 143.118735313416, 0, 0, 0, 1, 0]