image_width: 320
image_height: 240
camera_name: right_camera
camera_matrix:
  rows: 3
  cols: 3
  data: [417.033449576395, 0, 109.215416917935, 0, 418.006754549975, 138.700878856909, 0, 0, 1]
distortion_model: plumb_bob
distortion_coefficients:
  rows: 1
  cols: 5
  data: [-0.311635427672889, 0.154149506151665, -0.00417250687155413, 0.00604498043996375, -0.00955944387121175]
rectification_matrix:
  rows: 3
  cols: 3
  data: [0.965551458223241, 0.0195668313267867, 0.259475472125598, -0.0233569569815031, 0.999660680496567, 0.0115315406475196, -0.259161791326455, -0.017194853327966, 0.965680849419461]
projection_matrix:
  rows: 3
  cols: 4
  data: [388.185664409133, 0, 20.70742251724, -31.0549636992174, 0, 388.185664409133, 143.118735313416, 0, 0, 0, 1, 0]